  0.1000000E+00  0.0000000E+00
  0.3000000E+00  0.5619670E-12
  0.5000000E+00  0.1031066E-08
  0.7000000E+00  0.1721014E-06
  0.9000000E+00  0.4493448E-05
  0.1100000E+01  0.4975515E-02
  0.1300000E+01  0.2644359E-01
  0.1500000E+01  0.9511077E-01
  0.1700000E+01  0.2604660E+00
  0.1900000E+01  0.5841544E+00
  0.2100000E+01  0.1125232E+01
  0.2300000E+01  0.1923056E+01
  0.2500000E+01  0.2983494E+01
  0.2700000E+01  0.4272388E+01
  0.2900000E+01  0.5718253E+01
  0.3100000E+01  0.7223349E+01
  0.3300000E+01  0.8680320E+01
  0.3500000E+01  0.9989819E+01
  0.3700000E+01  0.1107436E+02
  0.3900000E+01  0.1188551E+02
  0.4100000E+01  0.1240405E+02
  0.4300000E+01  0.1263503E+02
  0.4500000E+01  0.1260093E+02
  0.4700000E+01  0.1233483E+02
  0.4900000E+01  0.1187493E+02
  0.5100000E+01  0.1126125E+02
  0.5300000E+01  0.1053317E+02
  0.5500000E+01  0.9727859E+01
  0.5700000E+01  0.8879306E+01
  0.5900000E+01  0.8017491E+01
  0.6100000E+01  0.7168133E+01
  0.6300000E+01  0.6352246E+01
  0.6500000E+01  0.5584473E+01
  0.6700000E+01  0.4881053E+01
  0.6900000E+01  0.4253938E+01
  0.7100000E+01  0.3669178E+01
  0.7300000E+01  0.3212744E+01
  0.7500000E+01  0.2694369E+01
  0.7700000E+01  0.2467880E+01
  0.7900000E+01  0.0000000E+00
  0.8100000E+01  0.0000000E+00
  0.8300000E+01  0.0000000E+00
  0.8500000E+01  0.0000000E+00
  0.8700000E+01  0.0000000E+00
  0.8900001E+01  0.0000000E+00
  0.9100000E+01  0.0000000E+00
  0.9300000E+01  0.0000000E+00
  0.9500000E+01  0.0000000E+00
  0.9700000E+01  0.0000000E+00
  0.9900001E+01  0.0000000E+00
  0.1010000E+02  0.0000000E+00
  0.1030000E+02  0.0000000E+00
  0.1050000E+02  0.0000000E+00
  0.1070000E+02  0.0000000E+00
  0.1090000E+02  0.0000000E+00
  0.1110000E+02  0.0000000E+00
  0.1130000E+02  0.0000000E+00
  0.1150000E+02  0.0000000E+00
  0.1170000E+02  0.0000000E+00
  0.1190000E+02  0.0000000E+00
  0.1210000E+02  0.0000000E+00
  0.1230000E+02  0.0000000E+00
  0.1250000E+02  0.0000000E+00
  0.1270000E+02  0.0000000E+00
  0.1290000E+02  0.0000000E+00
  0.1310000E+02  0.0000000E+00
  0.1330000E+02  0.0000000E+00
  0.1350000E+02  0.0000000E+00
  0.1370000E+02  0.0000000E+00
  0.1390000E+02  0.0000000E+00
  0.1410000E+02  0.0000000E+00
  0.1430000E+02  0.0000000E+00
  0.1450000E+02  0.0000000E+00
  0.1470000E+02  0.0000000E+00
  0.1490000E+02  0.0000000E+00
  0.1510000E+02  0.0000000E+00
  0.1530000E+02  0.0000000E+00
  0.1550000E+02  0.0000000E+00
  0.1570000E+02  0.0000000E+00
  0.1590000E+02  0.0000000E+00
  0.1610000E+02  0.0000000E+00
  0.1630000E+02  0.0000000E+00
  0.1650000E+02  0.0000000E+00
  0.1670000E+02  0.0000000E+00
  0.1690000E+02  0.0000000E+00
  0.1710000E+02  0.0000000E+00
  0.1730000E+02  0.0000000E+00
  0.1750000E+02  0.0000000E+00
  0.1770000E+02  0.0000000E+00
  0.1790000E+02  0.0000000E+00
  0.1810000E+02  0.0000000E+00
  0.1830000E+02  0.0000000E+00
  0.1850000E+02  0.0000000E+00
  0.1870000E+02  0.0000000E+00
  0.1890000E+02  0.0000000E+00
  0.1910000E+02  0.0000000E+00
  0.1930000E+02  0.0000000E+00
  0.1950000E+02  0.0000000E+00
  0.1970000E+02  0.0000000E+00
  0.1990000E+02  0.0000000E+00
  0.2010000E+02  0.0000000E+00
  0.2030000E+02  0.0000000E+00
  0.2050000E+02  0.0000000E+00
  0.2070000E+02  0.0000000E+00
  0.2090000E+02  0.0000000E+00
  0.2110000E+02  0.0000000E+00
  0.2130000E+02  0.0000000E+00
  0.2150000E+02  0.0000000E+00
  0.2170000E+02  0.0000000E+00
  0.2190000E+02  0.0000000E+00
  0.2210000E+02  0.0000000E+00
  0.2230000E+02  0.0000000E+00
  0.2250000E+02  0.0000000E+00
  0.2270000E+02  0.0000000E+00
  0.2290000E+02  0.0000000E+00
  0.2310000E+02  0.0000000E+00
  0.2330000E+02  0.0000000E+00
  0.2350000E+02  0.0000000E+00
  0.2370000E+02  0.0000000E+00
  0.2390000E+02  0.0000000E+00
  0.2410000E+02  0.0000000E+00
  0.2430000E+02  0.0000000E+00
  0.2450000E+02  0.0000000E+00
  0.2470000E+02  0.0000000E+00
  0.2490000E+02  0.0000000E+00
  0.2510000E+02  0.0000000E+00
  0.2530000E+02  0.0000000E+00
  0.2550000E+02  0.0000000E+00
  0.2570000E+02  0.0000000E+00
  0.2590000E+02  0.0000000E+00
  0.2610000E+02  0.0000000E+00
  0.2630000E+02  0.0000000E+00
  0.2650000E+02  0.0000000E+00
  0.2670000E+02  0.0000000E+00
  0.2690000E+02  0.0000000E+00
  0.2710000E+02  0.0000000E+00
  0.2730000E+02  0.0000000E+00
  0.2750000E+02  0.0000000E+00
  0.2770000E+02  0.0000000E+00
  0.2790000E+02  0.0000000E+00
  0.2810000E+02  0.0000000E+00
  0.2830000E+02  0.0000000E+00
  0.2850000E+02  0.0000000E+00
  0.2870000E+02  0.0000000E+00
  0.2890000E+02  0.0000000E+00
  0.2910000E+02  0.0000000E+00
  0.2930000E+02  0.0000000E+00
  0.2950000E+02  0.0000000E+00
  0.2970000E+02  0.0000000E+00
  0.2990000E+02  0.0000000E+00
  0.3010000E+02  0.0000000E+00
  0.3030000E+02  0.0000000E+00
  0.3050000E+02  0.0000000E+00
  0.3070000E+02  0.0000000E+00
  0.3090000E+02  0.0000000E+00
  0.3110000E+02  0.0000000E+00
  0.3130000E+02  0.0000000E+00
  0.3150000E+02  0.0000000E+00
  0.3170000E+02  0.0000000E+00
  0.3190000E+02  0.0000000E+00
  0.3210000E+02  0.0000000E+00
  0.3230000E+02  0.0000000E+00
  0.3250000E+02  0.0000000E+00
  0.3270000E+02  0.0000000E+00
  0.3290000E+02  0.0000000E+00
  0.3310000E+02  0.0000000E+00
  0.3330000E+02  0.0000000E+00
  0.3350000E+02  0.0000000E+00
  0.3370000E+02  0.0000000E+00
  0.3390000E+02  0.0000000E+00
  0.3410000E+02  0.0000000E+00
  0.3430000E+02  0.0000000E+00
  0.3450000E+02  0.0000000E+00
  0.3470000E+02  0.0000000E+00
  0.3490000E+02  0.0000000E+00
  0.3510000E+02  0.0000000E+00
  0.3530000E+02  0.0000000E+00
  0.3550000E+02  0.0000000E+00
  0.3570000E+02  0.0000000E+00
  0.3590000E+02  0.0000000E+00
  0.3610000E+02  0.0000000E+00
  0.3630000E+02  0.0000000E+00
  0.3650000E+02  0.0000000E+00
  0.3670000E+02  0.0000000E+00
  0.3690000E+02  0.0000000E+00
  0.3710000E+02  0.0000000E+00
  0.3730000E+02  0.0000000E+00
  0.3750000E+02  0.0000000E+00
  0.3770000E+02  0.0000000E+00
  0.3790000E+02  0.0000000E+00
  0.3810000E+02  0.0000000E+00
  0.3830000E+02  0.0000000E+00
  0.3850000E+02  0.0000000E+00
  0.3870000E+02  0.0000000E+00
  0.3890000E+02  0.0000000E+00
  0.3910000E+02  0.0000000E+00
  0.3930000E+02  0.0000000E+00
  0.3950000E+02  0.0000000E+00
  0.3970000E+02  0.0000000E+00
  0.3990000E+02  0.0000000E+00
